7747
5986
3125
2300
6726
115
5733
9678
8271
1660
9292
3113
4776
6299
279
6687
4886
2779
1386
5232
7420
3835
5128
4965
3602
688
2923
9080
1883
8112
5140
3683
4258
3870
1264
2431
2156
1075
5073
4539
6466
3366
1223
576
233
7464
4296
7599
9619
1659
1139
9719
173
5648
1648
408
1218
8418
3813
1943
1726
7146
4759
2622
477
7434
5189
526
8977
6812
5278
9590
7511
3927
3550
3207
9048
6302
9980
7838
9031
886
8405
8917
4180
7803
3441
7402
9749
5462
6229
3840
9489
8168
2602
4033
4743
7469
8425
6700
1935
2934
4477
1589
8442
2499
5727
2121
3427
3540
9006
5616
6398
8220
6956
3899
1757
8902
3885
6543
9421
9563
4598
2665
1880
8445
7862
8342
3828
1437
3691
240
4897
2099
5624
8489
1549
1435
7893
9126
4201
7001
7416
8595
1444
759
1711
9042
3904
3976
5311
9037
4945
2307
7512
554
7639
3141
4904
4761
4514
139
8430
8413
7932
6565
3958
5143
9445
7640
8000
7526
7686
1082
3288
3837
7220
4779
1220
1627
3268
1548
9146
9058
4051
4696
9922
9741
7157
7615
7446
4724
8211
4964
9260
1388
6506
4555
4507
6389
1116
1276
2590
1700
7662
8432
6332
5984
8192
3017
5330
5527
2663
99
8074
4924
7380
3879
2360
1755
8629
3377
6326
3241
5406
1299
4839
8207
5351
5103
5606
571
4781
6404
8737
9835
2734
2842
4183
4926
427
3346
930
7520
2708
7744
6682
3545
3790
4828
8280
3242
1533
8058
5026
7726
4645
1393
5757
3635
7651
647
4731
6572
4211
2699
9129
5389
5428
8637
3525
3139
8462
8853
7494
2123
6699
8747
9039
6230
4244
7351
7171
7235
6352
4434
113
7617
1108
1623
2464
7829
2090
821
396
7911
3541
7666
2920
5169
