3139
124
13383
17602
24519
36110
47752
43264
22885
38864
16064
35312
35506
532
16639
23086
18653
9238
17427
43880
23697
8194
16539
11754
17715
45300
45622
48974
8009
28370
12168
15726
12526
49708
17697
40337
12337
33173
24213
11851
1802
33468
33769
24312
9923
721
18724
21228
15211
48770
42484
36913
32536
41801
30563
35170
49305
20993
22100
48337
49911
495
25393
8003
24278
45235
1827
8762
9541
9843
29435
2551
12715
32266
36321
21584
40215
28543
16688
22415
13625
49398
2761
34507
40237
19709
29458
39746
2531
3143
3666
46755
17895
47278
1112
12011
28046
19590
29580
10375
49026
44723
39813
36794
1043
27707
13384
1587
12063
5819
12497
4704
38324
28285
27111
12670
47789
22252
18957
29186
24290
28002
42695
16294
36326
36168
27946
46994
35457
40240
45683
20137
21868
25703
22139
40219
36523
15508
3761
25813
46446
37627
40116
40769
8403
11983
43741
10561
6234
35522
41822
4725
11226
28186
33302
29111
5815
27167
36234
39607
43170
8987
13307
24046
43765
25941
4962
40146
16924
32018
27144
6280
42725
47384
42035
24241
47591
39182
1784
31689
18303
37592
31395
48709
28024
16428
21528
11336
5917
44499
13207
11966
32486
31102
45403
30865
32983
27084
26168
43853
35878
35070
19313
42697
8791
8216
29543
43297
4517
36838
49136
29007
11308
8127
40000
46547
21593
12923
8884
36067
26115
22936
34442
9508
10755
35465
32161
10271
27601
14376
3059
6813
28622
2597
43865
44272
29806
4553
13534
2752
24272
29581
13486
11035
40727
44256
37895
41321
43116
34088
45346
7184
4608
4196
21057
5634
32308
21942
21262
21886
46522
43873
5537
48092
907
2641
41231
8178
35596
32377
16581
29198
49536
27542
12656
5296
27197
20005
37594
37343
9404
12380
31308
16208
39882
49397
40480
29181
25440
12752
10944
423
20125
1606
46016
42990
37339
22974
27480
3856
28801
49202
38422
37897
28366
29664
37286
44922
38128
21069
6522
48272
11334
28152
31719
28771
49350
5269
40570
34707
31482
30581
42457
37122
26692
42061
38220
42596
16025
36829
42353
4393
28198
18712
38196
11411
47241
29208
46797
23124
11605
7682
391
27244
13136
45409
39711
3261
21083
30385
28392
48464
5336
22485
26709
37100
32586
38667
38920
28104
33852
5284
6219
49177
40255
8831
1138
48641
32974
34743
39766
37994
1479
17696
15374
38381
38218
41201
10974
7995
42807
574
37845
21716
38625
14934
2298
38348
39232
41757
17394
16779
45095
5245
27550
45094
36200
9545
45486
12286
44092
8707
20290
48558
19090
44054
48158
16027
47597
45243
16532
4743
47999
21374
4233
6143
3155
31425
32165
4412
20529
23250
33980
14108
49089
16364
4796
32923
27586
1965
8839
20918
20953
43105
31065
38449
30058
10488
26399
14938
41213
23261
1962
40362
15872
47518
38699
46443
13595
1496
9034
8162
11026
26626
174
29215
11739
23322
48243
37584
46337
5713
14706
18216
25676
48814
14674
15411
43752
9564
26907
47478
20151
25378
13371
26064
24460
47049
14373
30015
33193
48785
3616
47620
3221
47192
12256
43307
33494
45882
15672
13073
45903
38346
38074
12246
38624
19683
26365
35867
15686
19042
5840
42451
9875
13345
49467
31120
2240
22387
20101
18083
26303
13721
47920
11351
28144
4849
9388
15362
6760
23046
20277
37915
37720
48843
30763
18913
5090
43801
12135
19800
33006
22715
1656
38507
49315
24838
4535
44345
37806
34578
48986
11908
33780
9895
6867
8098
33589
38683
19682
45413
17355
32602
8748
15931
12129
14666
8079
10243
77
43996
48136
22967
17763
35414
19318
45349
42226
42320
36049
28636
16529
22118
39121
7168
6188
49633
7914
782
10146
37199
30575
22622
41055
40607
39531
15678
8207
18299
10330
44320
9512
44820
44245
17082
45301
42784
11944
31481
