127
103
7313
4559
9121
5228
2660
7853
3143
2829
8616
7709
3570
8601
5588
3700
3810
6781
464
245
8279
4561
7569
6200
4553
2049
1607
7807
1468
8114
669
4637
77
5701
7496
6293
7627
3280
5525
9648
2153
2048
8583
4533
1004
5920
495
2356
1508
8676
1271
1671
1742
4539
4223
4720
1721
1223
3021
6737
4870
5466
8939
6950
214
6342
9930
9083
7320
2511
9101
5500
2354
5485
2921
4095
3630
3552
9291
1213
5173
6077
4470
5880
7434
4180
4748
3219
284
1932
9860
1010
7778
9561
5339
2966
2098
276
6437
4673
7096
1067
7994
6729
1973
8121
8163
406
3158
2812
5327
496
7987
1879
9890
1052
2368
3679
2095
9608
5556
9325
3010
3996
2584
4908
893
7445
2602
8573
3374
8368
4669
827
9863
7907
4668
5286
19
1204
1680
5434
4454
9920
8923
7423
6809
5149
9861
5727
4082
7159
5436
994
6731
3724
2121
2149
2508
8569
8593
2255
9016
5422
6166
9941
5723
9609
2220
8388
8282
6251
1969
308
6767
2334
6417
645
9227
5375
7889
629
2784
9510
9535
1564
8097
1141
4850
4080
8094
4532
9178
7946
7199
8342
1372
7893
4164
3678
1231
2126
8830
8750
9754
3208
4324
9516
222
9760
6649
9378
5916
2853
1601
7826
9409
6256
6469
3856
7499
2932
9324
8065
686
7058
8731
3166
1913
6198
7362
3344
3365
3368
3547
4796
7639
6971
4091
507
9348
6671
7085
9289
550
817
1120
518
3221
3268
3924
155
7959
7292
7834
8901
345
2316
1045
5504
8697
190
5229
7265
4587
6423
810
6014
4078
7446
1738
1577
4501
2219
1097
5796
9394
3355
1548
2890
1615
1635
5778
5168
812
6388
6276
5872
6600
2234
87
3944
1149
9468
6883
8419
7610
6910
2796
3061
9587
4664
620
1130
220
2770
371
1647
9013
8949
6144
5438
6404
7611
1477
198
5794
2062
4660
7426
2567
8928
1303
737
3296
1484
2917
9715
4443
4239
509
6736
8861
7403
5897
4573
1233
4344
5878
9858
9441
9074
5505
3098
6265
1674
6916
9911
580
7956
1541
117
1971
1645
4047
165
2778
4197
3069
7041
9424
569
6427
123
2984
7858
6604
2691
8924
3146
1254
3737
5708
84
6272
8404
3159
8768
3875
6707
931
7530
755
391
603
7911
2806
5800
9366
8982
2426
9624
2083
9137
618
1567
1257
6170
7206
4414
