21030
18494
20706
37694
24312
5374
45078
40993
7175
15110
41622
49962
48593
3730
45135
33883
1047
23363
17960
33541
40455
43588
49210
7133
30812
42780
38922
31325
7538
32793
34986
7403
36419
5711
38831
6536
8937
23251
38773
3976
46991
39188
2992
11851
43761
12411
34338
19927
39657
35118
27570
3652
34423
10473
21592
12456
25963
20402
13919
39199
42739
3061
5923
15249
5388
30379
9396
33538
24175
28511
41396
17447
42471
42764
8835
46059
39830
44009
24601
27548
44860
20095
9425
8295
14626
32717
3007
48734
32489
29604
25510
39837
45528
26805
39065
3129
46278
36045
44547
19365
36345
24306
25113
14305
5074
32643
1826
23779
21733
23474
25834
9962
34410
49595
38465
39495
10134
45702
14644
23350
21454
36234
16878
12698
31585
23755
44717
6270
30345
36690
4987
30156
47928
36420
10282
42795
37389
7154
4400
14744
26100
38019
1904
29111
42982
49718
19548
42072
27234
17845
38174
31245
27709
29555
16598
25652
39118
17492
20761
6889
21181
10795
17534
35516
13144
17334
8973
19063
12946
35850
44185
16272
26059
40172
21675
44019
21328
17268
11663
3020
4636
31831
21384
49045
28818
5747
35086
43356
48970
17815
20844
20244
19351
44210
6489
835
4631
35567
46893
13999
34497
19611
45451
2860
46125
41551
42696
10926
11936
27091
46481
29470
48102
37742
48314
29087
37797
46686
46365
6392
4931
283
44622
48290
23441
43747
13557
20138
36700
803
38244
36072
28611
4598
46516
18987
46877
11873
21940
40908
30631
46931
39528
2346
2062
42112
30232
38705
2133
13130
40295
11846
133
3013
17463
46946
5436
45054
35383
39835
30581
26196
14086
6497
6257
18823
7969
32239
23599
38196
26444
21371
41095
27187
3138
25454
43168
45112
24449
36135
20094
2263
35341
12394
6865
31073
45493
7682
29688
10891
15058
10073
12864
2539
39807
43272
589
48948
33559
2492
8283
8014
11832
38969
36747
46758
39707
5675
47827
15948
35985
35109
40110
22576
42220
31183
49553
15843
49393
18700
14718
20500
44458
18236
6403
26484
32323
23883
40609
6346
13641
19374
31762
40292
44236
2923
246
24138
48569
13886
9324
31332
34104
8358
20762
7222
47206
5273
25580
20182
45026
23862
46977
11293
4010
12190
33635
34146
29247
17785
9166
20339
42779
241
45502
36027
46801
31912
9060
17661
31503
17879
7749
35024
33779
47819
21687
21697
9182
7872
7107
19781
30389
10618
42496
6557
11028
22826
13330
33915
30479
26554
9222
8246
4921
4982
20917
35026
39526
25138
29390
30711
11493
17392
23587
10670
47334
13161
29603
22911
2108
12051
20382
24651
5840
29757
9274
48625
33800
23432
7873
3163
10503
4486
31028
32641
15378
49988
20076
27032
22021
22893
25875
24323
40932
21858
15354
26871
5981
41720
49883
20776
33001
8894
32118
45134
46997
18732
1545
38966
37881
23024
35873
34280
24600
48419
47431
35201
31369
7550
16866
21386
39397
22622
17395
9611
12836
25160
19445
33162
28036
11514
28380
10589
13627
16010
18218
18745
14210
43659
11633
13230
41242
49346
43301
27202
47766
2322
41868
38783
46277
29754
22688
30172
23644
2804
940
41266
9413
22276
