28722
44014
37048
24895
40519
44696
32572
30031
15338
24401
46050
37835
19955
10364
47297
28760
16390
8015
29506
39697
5138
16107
42058
4457
7199
40494
44722
32355
31686
43511
10830
40948
8416
24027
18789
35607
21988
512
17099
4536
40642
42636
17613
14744
28319
34760
23350
175
42631
14777
2515
40739
45323
32892
2520
6115
3879
17556
33725
14051
17492
41230
28210
23439
33870
29485
33985
13615
43600
7722
16310
43514
16711
5827
37491
23921
18078
45567
12841
4101
21630
4052
13071
1861
21487
8324
40388
14640
48893
48608
39309
37298
7275
40527
38365
44256
17212
2589
42098
2538
23344
38128
7323
28715
29586
14370
6676
48848
19155
18922
16183
36499
11870
16972
36589
8499
49885
49695
29331
30720
15843
47971
48432
35441
2255
13576
36560
28412
37953
31498
28279
21296
40122
33143
49180
22492
23434
2974
47758
31259
27909
37967
17644
22226
30288
46682
41159
8183
19781
48132
11498
11718
20058
22161
41461
31148
1696
40446
25184
32219
47509
8154
28754
31836
19042
2305
47847
12621
22707
46069
12682
10597
34048
47024
8039
29660
38172
45051
9948
17931
12944
37032
284
7504
5954
46513
47022
14499
35883
18657
44719
40621
38091
527
40654
44805
28525
12883
11276
20452
