7072
25511
54939
9299
39776
48502
10193
17833
46095
30891
55582
55617
9787
50778
13336
12953
28618
15618
4503
529
51969
6246
48271
54758
36083
43486
8431
35060
34701
23292
20984
3752
2532
3101
41018
55717
27757
25153
39263
55674
30179
6663
57605
21285
37555
30648
12460
22360
51109
34004
41062
19445
58225
6149
15939
28006
49771
13882
33142
11660
35522
30011
50150
42756
37559
7042
3403
8475
42060
52690
7537
18444
22944
26808
15834
9722
13391
5204
8632
21247
13196
23888
27565
27246
5692
57791
7995
20634
29107
10300
7105
44733
9993
45938
24772
14455
3813
23522
25311
9182
