3012
26427
34296
45189
11754
42005
41606
43834
13335
17454
30827
55805
45112
20983
29934
36519
27484
6316
56158
52993
17134
702
22589
11834
51464
17411
3809
44513
12575
32526
45766
54351
31628
17977
662
12103
57769
49800
15992
34097
28875
10121
50042
11428
59363
58458
11758
36213
18337
17360
34796
36098
9045
16211
50857
24626
11112
3509
5834
11143
40468
41862
24970
28828
9240
27207
37200
45677
25235
23
14929
18474
24447
290
47004
36968
48645
15044
47642
19440
24617
1680
53930
58309
102
7558
59692
47063
30053
44919
23238
39403
22066
10378
2692
24567
39776
10123
51372
59519
58323
45638
8446
21441
15829
32973
51721
58710
32763
41197
189
33361
42503
10502
59094
3105
57658
49181
29667
23652
13506
18845
42223
35344
36949
48982
53941
28525
9748
17821
29019
50733
47649
12299
13523
45929
41260
41082
36685
43430
32022
17927
34604
30032
39342
49411
31150
23325
32142
33685
